%记事本
%%1.人造数据集
%（1）只基于中心点
%修正前参数
w1 =[0.015018536822635;0.045750784126392];b1 = -0.640158672645340;
w2 =[0.045504447505722;-0.000774253652556];b2 = 0.181775456816521;
%修正后参数
w1 = [0.063330700229716;-0.036741840040488];b1 = -0.660205435864649;
w2 =[0.078594895971397;-0.016777871577141];b2 = 0.035015190265762;


%%2.iris数据集
%（1）.只基于中心点计算：训练准确率为94%
%的超平面参数：
w1 =[0.149889077980442;0.551471460135521];b1 = -2.046332485866464;
w2 =[0.044418542259687;0.878155610549065];b2 = -1.259603892888128;
